{
  "fl_x": 3087.287120450105,
  "fl_y": 3097.0023513994174,
  "cx": 1516.4457597211388,
  "cy": 2011.9068881698238,
  "w": 3024,
  "h": 4032,
  "frames": [
    {
      "file_path": "scan_keep/scan_000.jpg",
      "transform_matrix": [
        [
          -0.5705965757369995,
          -0.8082937002182007,
          0.14519254863262177,
          0.03621424362063408
        ],
        [
          -0.7401450276374817,
          0.42955487966537476,
          -0.517366349697113,
          0.04133220762014389
        ],
        [
          0.3558157682418823,
          -0.4026710093021393,
          -0.8433570861816406,
          0.00827393401414156
        ],
        [
          0.0,
          0.0,
          0.0,
          1.0
        ]
      ]
    },
    {
      "file_path": "scan_keep/scan_001.jpg",
      "transform_matrix": [
        [
          0.06827042996883392,
          0.7716855406761169,
          -0.6323294639587402,
          0.04731690138578415
        ],
        [
          0.9457193613052368,
          0.15179556608200073,
          0.28735512495040894,
          0.03865041583776474
        ],
        [
          0.3177326023578644,
          -0.6176241040229797,
          -0.7194348573684692,
          0.008775545284152031
        ],
        [
          0.0,
          0.0,
          0.0,
          1.0
        ]
      ]
    },
    {
      "file_path": "scan_keep/scan_002.jpg",
      "transform_matrix": [
        [
          0.5635683536529541,
          0.8087414503097534,
          0.1683090776205063,
          0.023032505065202713
        ],
        [
          0.7480114698410034,
          -0.41315412521362305,
          -0.5194059610366821,
          0.06150657311081886
        ],
        [
          -0.3505275547504425,
          0.4186178743839264,
          -0.837788462638855,
          0.03238711506128311
        ],
        [
          0.0,
          0.0,
          0.0,
          1.0
        ]
      ]
    },
    {
      "file_path": "scan_keep/scan_003.jpg",
      "transform_matrix": [
        [
          0.27452948689460754,
          0.7349840998649597,
          -0.6200257539749146,
          0.04659363254904747
        ],
        [
          0.9067553877830505,
          0.016736600548028946,
          0.42132478952407837,
          0.03898623585700989
        ],
        [
          0.3200441598892212,
          -0.6778777837753296,
          -0.6618560552597046,
          0.006725803017616272
        ],
        [
          0.0,
          0.0,
          0.0,
          1.0
        ]
      ]
    },
    {
      "file_path": "scan_keep/scan_004.jpg",
      "transform_matrix": [
        [
          0.2095717489719391,
          0.602837085723877,
          -0.7698487639427185,
          0.037646789103746414
        ],
        [
          0.9492988586425781,
          0.06324568390846252,
          0.30794757604599,
          0.04654727503657341
        ],
        [
          0.23433183133602142,
          -0.7953536510467529,
          -0.5590180158615112,
          -0.009886431507766247
        ],
        [
          0.0,
          0.0,
          0.0,
          1.0
        ]
      ]
    },
    {
      "file_path": "scan_keep/scan_005.jpg",
      "transform_matrix": [
        [
          0.904959499835968,
          0.42431649565696716,
          0.03168295696377754,
          0.01904510147869587
        ],
        [
          0.32623380422592163,
          -0.6441130042076111,
          -0.6918742060661316,
          0.15131548047065735
        ],
        [
          -0.2731662392616272,
          0.6364542245864868,
          -0.7213225960731506,
          0.09708679467439651
        ],
        [
          0.0,
          0.0,
          0.0,
          1.0
        ]
      ]
    },
    {
      "file_path": "scan_keep/scan_006.jpg",
      "transform_matrix": [
        [
          0.9587754011154175,
          0.2680239975452423,
          -0.0944080725312233,
          0.04807974025607109
        ],
        [
          0.13906313478946686,
          -0.7322778701782227,
          -0.6666562557220459,
          0.1574603021144867
        ],
        [
          -0.24781282246112823,
          0.6260449290275574,
          -0.7393622398376465,
          0.10231155157089233
        ],
        [
          0.0,
          0.0,
          0.0,
          1.0
        ]
      ]
    },
    {
      "file_path": "scan_keep/scan_007.jpg",
      "transform_matrix": [
        [
          0.800691545009613,
          0.5873165726661682,
          0.11812007427215576,
          0.014773889444768429
        ],
        [
          0.5194348096847534,
          -0.5823866724967957,
          -0.625310480594635,
          0.10659327358007431
        ],
        [
          -0.2984636425971985,
          0.5620365142822266,
          -0.7713847160339355,
          0.06892139464616776
        ],
        [
          0.0,
          0.0,
          0.0,
          1.0
        ]
      ]
    },
    {
      "file_path": "scan_keep/scan_008.jpg",
      "transform_matrix": [
        [
          0.9451370239257812,
          0.01578497141599655,
          -0.3262925446033478,
          0.08480580151081085
        ],
        [
          -0.20521089434623718,
          -0.7484687566757202,
          -0.6306211352348328,
          0.12485333532094955
        ],
        [
          -0.2541741132736206,
          0.662982165813446,
          -0.7041662931442261,
          0.07468178123235703
        ],
        [
          0.0,
          0.0,
          0.0,
          1.0
        ]
      ]
    },
    {
      "file_path": "scan_keep/scan_009.jpg",
      "transform_matrix": [
        [
          0.46018216013908386,
          -0.8381133675575256,
          -0.2929135262966156,
          0.03747674822807312
        ],
        [
          -0.8439352512359619,
          -0.5153895616531372,
          0.14881841838359833,
          0.040850166231393814
        ],
        [
          -0.27569127082824707,
          0.17871645092964172,
          -0.9444864988327026,
          -0.01481634471565485
        ],
        [
          0.0,
          0.0,
          0.0,
          1.0
        ]
      ]
    },
    {
      "file_path": "scan_keep/scan_010.jpg",
      "transform_matrix": [
        [
          0.0143663315102458,
          -0.7091954350471497,
          -0.704865574836731,
          0.04392750561237335
        ],
        [
          -0.987223744392395,
          -0.12193940579891205,
          0.10256720334291458,
          0.040412094444036484
        ],
        [
          -0.15869107842445374,
          0.6943864822387695,
          -0.7018864154815674,
          0.0015288892900571227
        ],
        [
          0.0,
          0.0,
          0.0,
          1.0
        ]
      ]
    },
    {
      "file_path": "scan_keep/scan_011.jpg",
      "transform_matrix": [
        [
          -0.1781839281320572,
          -0.8278261423110962,
          -0.5319345593452454,
          0.035976067185401917
        ],
        [
          -0.9799368381500244,
          0.19834423065185547,
          0.019578462466597557,
          0.04297032952308655
        ],
        [
          0.08929858356714249,
          0.524750828742981,
          -0.8465591073036194,
          -0.01654166355729103
        ],
        [
          0.0,
          0.0,
          0.0,
          1.0
        ]
      ]
    },
    {
      "file_path": "scan_keep/scan_012.jpg",
      "transform_matrix": [
        [
          0.09123767912387848,
          -0.752547562122345,
          -0.6521869897842407,
          0.04240168258547783
        ],
        [
          -0.9618305563926697,
          -0.2362629771232605,
          0.13806460797786713,
          0.04086930304765701
        ],
        [
          -0.2579878270626068,
          0.6146966814994812,
          -0.7453792691230774,
          -0.0017966351006180048
        ],
        [
          0.0,
          0.0,
          0.0,
          1.0
        ]
      ]
    },
    {
      "file_path": "scan_keep/scan_013.jpg",
      "transform_matrix": [
        [
          0.14071406424045563,
          0.9148898720741272,
          -0.37838616967201233,
          0.03661167621612549
        ],
        [
          0.9247394800186157,
          -0.2579667568206787,
          -0.27983927726745605,
          0.03885643929243088
        ],
        [
          -0.35363316535949707,
          -0.3105313181877136,
          -0.8823343515396118,
          -0.020644772797822952
        ],
        [
          0.0,
          0.0,
          0.0,
          1.0
        ]
      ]
    },
    {
      "file_path": "scan_keep/scan_014.jpg",
      "transform_matrix": [
        [
          -0.35674235224723816,
          0.9267460703849792,
          -0.11779909580945969,
          0.04221757873892784
        ],
        [
          0.8196262121200562,
          0.2499845325946808,
          -0.5154809951782227,
          0.04139993339776993
        ],
        [
          -0.4482720196247101,
          -0.2804451286792755,
          -0.8487654328346252,
          0.01003915723413229
        ],
        [
          0.0,
          0.0,
          0.0,
          1.0
        ]
      ]
    },
    {
      "file_path": "scan_keep/scan_015.jpg",
      "transform_matrix": [
        [
          -0.046141285449266434,
          -0.7109665870666504,
          -0.7017104029655457,
          0.04444161057472229
        ],
        [
          -0.8807504773139954,
          -0.3024864196777344,
          0.36439061164855957,
          0.040603697299957275
        ],
        [
          -0.47132742404937744,
          0.6348452568054199,
          -0.6122270226478577,
          0.0030076028779149055
        ],
        [
          0.0,
          0.0,
          0.0,
          1.0
        ]
      ]
    },
    {
      "file_path": "scan_keep/scan_016.jpg",
      "transform_matrix": [
        [
          -0.0019530876306816936,
          -0.851703405380249,
          -0.5240204930305481,
          0.039200764149427414
        ],
        [
          -0.9860878586769104,
          0.08873987942934036,
          -0.14055584371089935,
          0.03890165686607361
        ],
        [
          0.16621340811252594,
          0.5164557695388794,
          -0.8400276899337769,
          -0.010104508139193058
        ],
        [
          0.0,
          0.0,
          0.0,
          1.0
        ]
      ]
    },
    {
      "file_path": "scan_keep/scan_017.jpg",
      "transform_matrix": [
        [
          0.9860644936561584,
          0.15065640211105347,
          -0.07056505233049393,
          0.034714583307504654
        ],
        [
          0.1280374675989151,
          -0.9580753445625305,
          -0.25631633400917053,
          0.052235208451747894
        ],
        [
          -0.10622233152389526,
          0.2437094748020172,
          -0.9640137553215027,
          0.02974967285990715
        ],
        [
          0.0,
          0.0,
          0.0,
          1.0
        ]
      ]
    },
    {
      "file_path": "scan_keep/scan_018.jpg",
      "transform_matrix": [
        [
          -0.65181565284729,
          -0.5032075643539429,
          -0.567378580570221,
          0.07006193697452545
        ],
        [
          -0.7530608773231506,
          0.34103599190711975,
          0.562666654586792,
          -0.0003958332526963204
        ],
        [
          -0.08964158594608307,
          0.7940255403518677,
          -0.6012385487556458,
          0.043906278908252716
        ],
        [
          0.0,
          0.0,
          0.0,
          1.0
        ]
      ]
    },
    {
      "file_path": "scan_keep/scan_019.jpg",
      "transform_matrix": [
        [
          0.6845489144325256,
          0.5901426076889038,
          -0.42793044447898865,
          0.048113610595464706
        ],
        [
          0.7085222601890564,
          -0.6766951084136963,
          0.200199693441391,
          0.026100050657987595
        ],
        [
          -0.17143204808235168,
          -0.44024473428726196,
          -0.8813601136207581,
          0.028234805911779404
        ],
        [
          0.0,
          0.0,
          0.0,
          1.0
        ]
      ]
    },
    {
      "file_path": "scan_keep/scan_020.jpg",
      "transform_matrix": [
        [
          0.9733448028564453,
          0.17992287874221802,
          -0.14222396910190582,
          0.041234809905290604
        ],
        [
          0.041302766650915146,
          -0.7475018501281738,
          -0.6629744172096252,
          0.11229068785905838
        ],
        [
          -0.22559694945812225,
          0.639428436756134,
          -0.7350083589553833,
          0.08470849692821503
        ],
        [
          0.0,
          0.0,
          0.0,
          1.0
        ]
      ]
    },
    {
      "file_path": "scan_keep/scan_021.jpg",
      "transform_matrix": [
        [
          0.7537118196487427,
          -0.6569424271583557,
          -0.018576759845018387,
          0.03872878849506378
        ],
        [
          -0.652294397354126,
          -0.7512301802635193,
          0.10082291066646576,
          0.03926778584718704
        ],
        [
          -0.0801902711391449,
          -0.06387390941381454,
          -0.9947309494018555,
          0.006168991327285767
        ],
        [
          0.0,
          0.0,
          0.0,
          1.0
        ]
      ]
    },
    {
      "file_path": "scan_keep/scan_022.jpg",
      "transform_matrix": [
        [
          -0.8600755333900452,
          -0.3462678790092468,
          -0.3746580183506012,
          0.06157435476779938
        ],
        [
          -0.5052425265312195,
          0.6799167990684509,
          0.5314537882804871,
          -0.011515626683831215
        ],
        [
          0.0707109197974205,
          0.6463835835456848,
          -0.7597290873527527,
          0.0635501891374588
        ],
        [
          0.0,
          0.0,
          0.0,
          1.0
        ]
      ]
    },
    {
      "file_path": "scan_keep/scan_023.jpg",
      "transform_matrix": [
        [
          0.5249491333961487,
          0.5575019121170044,
          -0.6431329846382141,
          0.052807267755270004
        ],
        [
          0.8410705924034119,
          -0.22393202781677246,
          0.49239692091941833,
          0.03215036541223526
        ],
        [
          0.13049417734146118,
          -0.7994035482406616,
          -0.5864514112472534,
          0.018255939707159996
        ],
        [
          0.0,
          0.0,
          0.0,
          1.0
        ]
      ]
    },
    {
      "file_path": "scan_keep/scan_024.jpg",
      "transform_matrix": [
        [
          -0.7714869379997253,
          -0.3677891790866852,
          -0.5191714763641357,
          0.07978382706642151
        ],
        [
          -0.6358279585838318,
          0.4161289632320404,
          0.6500457525253296,
          -0.042989056557416916
        ],
        [
          -0.02303752303123474,
          0.8316055536270142,
          -0.5548887252807617,
          0.07413811981678009
        ],
        [
          0.0,
          0.0,
          0.0,
          1.0
        ]
      ]
    },
    {
      "file_path": "scan_keep/scan_025.jpg",
      "transform_matrix": [
        [
          -0.8260161876678467,
          -0.3729086220264435,
          -0.42265400290489197,
          0.030106738209724426
        ],
        [
          -0.5636386275291443,
          0.5425570011138916,
          0.6228510141372681,
          0.05258475989103317
        ],
        [
          -0.0029526290018111467,
          0.752709150314331,
          -0.6583465933799744,
          -0.020113056525588036
        ],
        [
          0.0,
          0.0,
          0.0,
          1.0
        ]
      ]
    },
    {
      "file_path": "scan_keep/scan_026.jpg",
      "transform_matrix": [
        [
          -0.44751888513565063,
          0.7611978054046631,
          0.4693663418292999,
          0.08562172204256058
        ],
        [
          0.8886469006538391,
          0.4373159110546112,
          0.1380634754896164,
          0.0529312938451767
        ],
        [
          -0.10016775131225586,
          0.4788869321346283,
          -0.8721431493759155,
          -0.05365196615457535
        ],
        [
          0.0,
          0.0,
          0.0,
          1.0
        ]
      ]
    },
    {
      "file_path": "scan_keep/scan_027.jpg",
      "transform_matrix": [
        [
          0.2960960268974304,
          0.6311710476875305,
          -0.7169032692909241,
          0.03290434554219246
        ],
        [
          0.9444575905799866,
          -0.0814359113574028,
          0.31838348507881165,
          0.04845552518963814
        ],
        [
          0.14257276058197021,
          -0.7713568210601807,
          -0.6202271580696106,
          -0.01722823642194271
        ],
        [
          0.0,
          0.0,
          0.0,
          1.0
        ]
      ]
    },
    {
      "file_path": "scan_keep/scan_028.jpg",
      "transform_matrix": [
        [
          0.9696926474571228,
          0.14942535758018494,
          -0.1933085173368454,
          0.021173473447561264
        ],
        [
          -0.039676468819379807,
          -0.6843788623809814,
          -0.7280462384223938,
          0.1300259828567505
        ],
        [
          -0.24108482897281647,
          0.7136509418487549,
          -0.6577085256576538,
          0.08942005038261414
        ],
        [
          0.0,
          0.0,
          0.0,
          1.0
        ]
      ]
    },
    {
      "file_path": "scan_keep/scan_029.jpg",
      "transform_matrix": [
        [
          0.018489066511392593,
          -0.6764968633651733,
          -0.7362133860588074,
          0.03866056725382805
        ],
        [
          -0.996405303478241,
          -0.07335194200277328,
          0.04237869009375572,
          0.03979942575097084
        ],
        [
          -0.08267173171043396,
          0.7327833771705627,
          -0.6754212975502014,
          -0.009739558212459087
        ],
        [
          0.0,
          0.0,
          0.0,
          1.0
        ]
      ]
    },
    {
      "file_path": "scan_keep/scan_030.jpg",
      "transform_matrix": [
        [
          -0.9916577935218811,
          0.11473272740840912,
          -0.05874719098210335,
          0.046913277357816696
        ],
        [
          0.07773571461439133,
          0.8958757519721985,
          0.43745145201683044,
          0.02903597429394722
        ],
        [
          0.10282018035650253,
          0.4292353689670563,
          -0.8973209857940674,
          0.028328124433755875
        ],
        [
          0.0,
          0.0,
          0.0,
          1.0
        ]
      ]
    },
    {
      "file_path": "scan_keep/scan_031.jpg",
      "transform_matrix": [
        [
          0.8198361396789551,
          0.5506417155265808,
          -0.15704268217086792,
          0.024461515247821808
        ],
        [
          0.4048721194267273,
          -0.7514016032218933,
          -0.52103191614151,
          0.09420862793922424
        ],
        [
          -0.40490400791168213,
          0.36357855796813965,
          -0.838965654373169,
          0.06806907057762146
        ],
        [
          0.0,
          0.0,
          0.0,
          1.0
        ]
      ]
    },
    {
      "file_path": "scan_keep/scan_032.jpg",
      "transform_matrix": [
        [
          0.14962005615234375,
          0.9209046959877014,
          0.35992828011512756,
          0.07075858861207962
        ],
        [
          0.9887294769287109,
          -0.1374090313911438,
          -0.05943721905350685,
          0.031408652663230896
        ],
        [
          -0.0052786157466471195,
          0.3647646903991699,
          -0.9310847520828247,
          -0.04371996596455574
        ],
        [
          0.0,
          0.0,
          0.0,
          1.0
        ]
      ]
    },
    {
      "file_path": "scan_keep/scan_033.jpg",
      "transform_matrix": [
        [
          -0.8318568468093872,
          0.5491943359375,
          0.07999861240386963,
          0.04303642734885216
        ],
        [
          0.5394019484519958,
          0.766125500202179,
          0.34942421317100525,
          0.020961761474609375
        ],
        [
          0.1306128203868866,
          0.3338223397731781,
          -0.9335432052612305,
          0.04074401408433914
        ],
        [
          0.0,
          0.0,
          0.0,
          1.0
        ]
      ]
    },
    {
      "file_path": "scan_keep/scan_034.jpg",
      "transform_matrix": [
        [
          -0.9843411445617676,
          0.14100205898284912,
          0.10578703880310059,
          0.010591049678623676
        ],
        [
          0.17465649545192719,
          0.6990436911582947,
          0.6934212446212769,
          -0.02793205715715885
        ],
        [
          0.023824071511626244,
          0.7010394930839539,
          -0.7127243876457214,
          0.06601918488740921
        ],
        [
          0.0,
          0.0,
          0.0,
          1.0
        ]
      ]
    },
    {
      "file_path": "scan_keep/scan_035.jpg",
      "transform_matrix": [
        [
          -0.4520610272884369,
          -0.7710238695144653,
          -0.4485120177268982,
          0.014374186284840107
        ],
        [
          -0.8918566107749939,
          0.38210204243659973,
          0.2420533299446106,
          0.05821825563907623
        ],
        [
          -0.015251544304192066,
          0.5094313025474548,
          -0.8603761792182922,
          -0.038308482617139816
        ],
        [
          0.0,
          0.0,
          0.0,
          1.0
        ]
      ]
    },
    {
      "file_path": "scan_keep/scan_036.jpg",
      "transform_matrix": [
        [
          -0.9169003963470459,
          0.3267875611782074,
          0.2291364222764969,
          0.0011584428139030933
        ],
        [
          0.37651166319847107,
          0.5177527666091919,
          0.768225908279419,
          -0.06618746370077133
        ],
        [
          0.1324106603860855,
          0.7906591892242432,
          -0.5977670550346375,
          0.07203877717256546
        ],
        [
          0.0,
          0.0,
          0.0,
          1.0
        ]
      ]
    },
    {
      "file_path": "scan_keep/scan_037.jpg",
      "transform_matrix": [
        [
          0.026160111650824547,
          0.933135986328125,
          0.35857057571411133,
          0.06994105130434036
        ],
        [
          0.9766594767570496,
          0.0526401661336422,
          -0.20824339985847473,
          0.02923857420682907
        ],
        [
          -0.21319462358951569,
          0.3556489944458008,
          -0.9099790453910828,
          -0.03935323283076286
        ],
        [
          0.0,
          0.0,
          0.0,
          1.0
        ]
      ]
    },
    {
      "file_path": "scan_keep/scan_038.jpg",
      "transform_matrix": [
        [
          0.9414283037185669,
          -0.08792822808027267,
          -0.32554784417152405,
          0.05935440585017204
        ],
        [
          -0.28429779410362244,
          -0.7261407971382141,
          -0.6260145902633667,
          0.09108369797468185
        ],
        [
          -0.1813492327928543,
          0.6819003820419312,
          -0.7086073160171509,
          0.06449563056230545
        ],
        [
          0.0,
          0.0,
          0.0,
          1.0
        ]
      ]
    },
    {
      "file_path": "scan_keep/scan_039.jpg",
      "transform_matrix": [
        [
          0.7975918650627136,
          0.5670692920684814,
          0.20562005043029785,
          0.006835754960775375
        ],
        [
          0.5565673112869263,
          -0.5604346990585327,
          -0.6133072972297668,
          0.09544415771961212
        ],
        [
          -0.23255111277103424,
          0.6036102771759033,
          -0.7626103758811951,
          0.056434206664562225
        ],
        [
          0.0,
          0.0,
          0.0,
          1.0
        ]
      ]
    },
    {
      "file_path": "scan_keep/scan_040.jpg",
      "transform_matrix": [
        [
          -0.9977748990058899,
          0.06199467554688454,
          -0.024532997980713844,
          0.02293473109602928
        ],
        [
          0.02854534052312374,
          0.7297515869140625,
          0.6831161975860596,
          -0.04564141482114792
        ],
        [
          0.06025256589055061,
          0.6808959245681763,
          -0.7298974990844727,
          0.083235003054142
        ],
        [
          0.0,
          0.0,
          0.0,
          1.0
        ]
      ]
    },
    {
      "file_path": "scan_keep/scan_041.jpg",
      "transform_matrix": [
        [
          -0.07164037972688675,
          0.9317330718040466,
          0.3560071885585785,
          0.07156699895858765
        ],
        [
          0.9912417531013489,
          0.1062052771449089,
          -0.07848729193210602,
          0.03573925048112869
        ],
        [
          -0.11093904823064804,
          0.3472663164138794,
          -0.9311813116073608,
          -0.04308893159031868
        ],
        [
          0.0,
          0.0,
          0.0,
          1.0
        ]
      ]
    },
    {
      "file_path": "scan_keep/scan_042.jpg",
      "transform_matrix": [
        [
          0.9795534014701843,
          -0.025991961359977722,
          -0.19949811697006226,
          0.04142482206225395
        ],
        [
          -0.10865908861160278,
          -0.9029002785682678,
          -0.41588979959487915,
          0.07451365143060684
        ],
        [
          -0.1693171113729477,
          0.4290635585784912,
          -0.887263298034668,
          0.05548688769340515
        ],
        [
          0.0,
          0.0,
          0.0,
          1.0
        ]
      ]
    },
    {
      "file_path": "scan_keep/scan_043.jpg",
      "transform_matrix": [
        [
          0.8340109586715698,
          -0.2110360860824585,
          -0.5097935795783997,
          0.05195228382945061
        ],
        [
          -0.4943302869796753,
          -0.696211040019989,
          -0.5205072164535522,
          0.05089709907770157
        ],
        [
          -0.24507810175418854,
          0.6861151456832886,
          -0.6849691271781921,
          0.023111939430236816
        ],
        [
          0.0,
          0.0,
          0.0,
          1.0
        ]
      ]
    },
    {
      "file_path": "scan_keep/scan_044.jpg",
      "transform_matrix": [
        [
          0.9502300024032593,
          0.24476543068885803,
          0.19275054335594177,
          0.005501036532223225
        ],
        [
          0.29673126339912415,
          -0.522498369216919,
          -0.7993410229682922,
          0.08323545753955841
        ],
        [
          -0.0949392095208168,
          0.8167529106140137,
          -0.5691232085227966,
          0.03826418146491051
        ],
        [
          0.0,
          0.0,
          0.0,
          1.0
        ]
      ]
    },
    {
      "file_path": "scan_keep/scan_045.jpg",
      "transform_matrix": [
        [
          0.7619583010673523,
          0.5625577569007874,
          -0.3208555579185486,
          0.041990432888269424
        ],
        [
          0.5996761322021484,
          -0.7999531030654907,
          0.02153109759092331,
          0.039841145277023315
        ],
        [
          -0.24455691874027252,
          -0.20881523191928864,
          -0.9468833804130554,
          0.00448136730119586
        ],
        [
          0.0,
          0.0,
          0.0,
          1.0
        ]
      ]
    },
    {
      "file_path": "scan_keep/scan_046.jpg",
      "transform_matrix": [
        [
          -0.9909383654594421,
          -0.09817676991224289,
          -0.09166478365659714,
          0.029030680656433105
        ],
        [
          -0.133541077375412,
          0.6468653678894043,
          0.7508208751678467,
          -0.06853299587965012
        ],
        [
          -0.014418395236134529,
          0.7562582492828369,
          -0.654114305973053,
          0.09312979876995087
        ],
        [
          0.0,
          0.0,
          0.0,
          1.0
        ]
      ]
    },
    {
      "file_path": "scan_keep/scan_047.jpg",
      "transform_matrix": [
        [
          -0.9564353227615356,
          0.22762995958328247,
          0.1828005462884903,
          0.013777995482087135
        ],
        [
          0.29168567061424255,
          0.7187281847000122,
          0.631149172782898,
          -0.009919345378875732
        ],
        [
          0.01228456199169159,
          0.656973659992218,
          -0.7538134455680847,
          0.054660264402627945
        ],
        [
          0.0,
          0.0,
          0.0,
          1.0
        ]
      ]
    },
    {
      "file_path": "scan_keep/scan_048.jpg",
      "transform_matrix": [
        [
          -0.9742493629455566,
          0.19980385899543762,
          0.10448238998651505,
          0.02305714786052704
        ],
        [
          0.20012737810611725,
          0.5528302192687988,
          0.808905303478241,
          -0.10895075649023056
        ],
        [
          0.10386137664318085,
          0.8089852929115295,
          -0.5785807371139526,
          0.0911707654595375
        ],
        [
          0.0,
          0.0,
          0.0,
          1.0
        ]
      ]
    },
    {
      "file_path": "scan_keep/scan_049.jpg",
      "transform_matrix": [
        [
          -0.021682703867554665,
          -0.8475818634033203,
          0.5302214622497559,
          0.08959005028009415
        ],
        [
          -0.9665339589118958,
          -0.11782822012901306,
          -0.2278786152601242,
          0.020313875749707222
        ],
        [
          0.2556208372116089,
          -0.5174180865287781,
          -0.8166618347167969,
          -0.06360921263694763
        ],
        [
          0.0,
          0.0,
          0.0,
          1.0
        ]
      ]
    },
    {
      "file_path": "scan_keep/scan_050.jpg",
      "transform_matrix": [
        [
          -0.47052502632141113,
          0.7117069363594055,
          0.5216123461723328,
          0.08882421255111694
        ],
        [
          0.8779542446136475,
          0.43678149580955505,
          0.19600577652454376,
          0.05788184702396393
        ],
        [
          -0.08833194524049759,
          0.5501773953437805,
          -0.8303627371788025,
          -0.05572986602783203
        ],
        [
          0.0,
          0.0,
          0.0,
          1.0
        ]
      ]
    },
    {
      "file_path": "scan_keep/scan_051.jpg",
      "transform_matrix": [
        [
          -0.2775328457355499,
          -0.857243537902832,
          -0.4337154030799866,
          -0.004026001784950495
        ],
        [
          -0.9606967568397522,
          0.24476803839206696,
          0.13095931708812714,
          0.05338926613330841
        ],
        [
          -0.006104356609284878,
          0.4530144929885864,
          -0.8914822340011597,
          -0.06333114206790924
        ],
        [
          0.0,
          0.0,
          0.0,
          1.0
        ]
      ]
    },
    {
      "file_path": "scan_keep/scan_052.jpg",
      "transform_matrix": [
        [
          0.08690126240253448,
          -0.9956459999084473,
          0.03372207656502724,
          0.03893856331706047
        ],
        [
          -0.9328318238258362,
          -0.0694439560174942,
          0.35355663299560547,
          0.03974926471710205
        ],
        [
          -0.3496754467487335,
          -0.06218154355883598,
          -0.9348050951957703,
          0.007120358292013407
        ],
        [
          0.0,
          0.0,
          0.0,
          1.0
        ]
      ]
    },
    {
      "file_path": "scan_keep/scan_053.jpg",
      "transform_matrix": [
        [
          0.9748444557189941,
          0.22102469205856323,
          -0.028747515752911568,
          0.021802376955747604
        ],
        [
          0.13178248703479767,
          -0.6755856871604919,
          -0.7254084348678589,
          0.1818097084760666
        ],
        [
          -0.1797545701265335,
          0.7033719420433044,
          -0.6877181529998779,
          0.1091361865401268
        ],
        [
          0.0,
          0.0,
          0.0,
          1.0
        ]
      ]
    },
    {
      "file_path": "scan_keep/scan_054.jpg",
      "transform_matrix": [
        [
          -0.7221124768257141,
          0.31597158312797546,
          -0.6153987050056458,
          0.05728670209646225
        ],
        [
          0.6747939586639404,
          0.5176306366920471,
          -0.526033878326416,
          0.05544349551200867
        ],
        [
          0.15233749151229858,
          -0.7951229214668274,
          -0.5870032906532288,
          0.023365315049886703
        ],
        [
          0.0,
          0.0,
          0.0,
          1.0
        ]
      ]
    },
    {
      "file_path": "scan_keep/scan_055.jpg",
      "transform_matrix": [
        [
          -0.820950448513031,
          -0.42476823925971985,
          -0.3815918564796448,
          0.06466545909643173
        ],
        [
          -0.5680909156799316,
          0.6749633550643921,
          0.4708472788333893,
          0.0020905702840536833
        ],
        [
          0.057559553533792496,
          0.6033211350440979,
          -0.7954184412956238,
          0.04329010844230652
        ],
        [
          0.0,
          0.0,
          0.0,
          1.0
        ]
      ]
    },
    {
      "file_path": "scan_keep/scan_056.jpg",
      "transform_matrix": [
        [
          -0.7780662775039673,
          -0.3708246946334839,
          -0.5070521831512451,
          0.06768778711557388
        ],
        [
          -0.618499219417572,
          0.593400239944458,
          0.5151066184043884,
          -0.005088807549327612
        ],
        [
          0.10987064242362976,
          0.7143984436988831,
          -0.6910595297813416,
          0.051659561693668365
        ],
        [
          0.0,
          0.0,
          0.0,
          1.0
        ]
      ]
    },
    {
      "file_path": "scan_keep/scan_057.jpg",
      "transform_matrix": [
        [
          0.7727351784706116,
          0.32104530930519104,
          0.5475493669509888,
          0.08928018063306808
        ],
        [
          0.6344223618507385,
          -0.41745299100875854,
          -0.6505699157714844,
          0.0020014725159853697
        ],
        [
          0.019713690504431725,
          0.850095808506012,
          -0.5262589454650879,
          -0.03577640652656555
        ],
        [
          0.0,
          0.0,
          0.0,
          1.0
        ]
      ]
    },
    {
      "file_path": "scan_keep/scan_058.jpg",
      "transform_matrix": [
        [
          -0.5876021385192871,
          -0.5583232641220093,
          -0.5856610536575317,
          0.05254030227661133
        ],
        [
          -0.8080374002456665,
          0.4428388178348541,
          0.38854771852493286,
          0.02967505156993866
        ],
        [
          0.04241819679737091,
          0.7015475034713745,
          -0.7113591432571411,
          0.015548971481621265
        ],
        [
          0.0,
          0.0,
          0.0,
          1.0
        ]
      ]
    },
    {
      "file_path": "scan_keep/scan_059.jpg",
      "transform_matrix": [
        [
          -0.9259501695632935,
          -0.25935494899749756,
          -0.2745019197463989,
          0.056396275758743286
        ],
        [
          -0.37678107619285583,
          0.6836162209510803,
          0.6250638961791992,
          -0.037726692855358124
        ],
        [
          0.0255405455827713,
          0.6822052001953125,
          -0.7307145595550537,
          0.08225046843290329
        ],
        [
          0.0,
          0.0,
          0.0,
          1.0
        ]
      ]
    },
    {
      "file_path": "scan_keep/scan_060.jpg",
      "transform_matrix": [
        [
          0.39707666635513306,
          0.5134645700454712,
          0.7607129812240601,
          0.18040521442890167
        ],
        [
          0.91776442527771,
          -0.2277553826570511,
          -0.3253244161605835,
          0.015319359488785267
        ],
        [
          0.006213916931301355,
          0.8273340463638306,
          -0.5616758465766907,
          -0.08417731523513794
        ],
        [
          0.0,
          0.0,
          0.0,
          1.0
        ]
      ]
    },
    {
      "file_path": "scan_keep/scan_061.jpg",
      "transform_matrix": [
        [
          0.9509775042533875,
          0.013156329281628132,
          -0.3089801073074341,
          0.07488158345222473
        ],
        [
          -0.21245749294757843,
          -0.6982197165489197,
          -0.6836307644844055,
          0.1739286482334137
        ],
        [
          -0.22473007440567017,
          0.7157626152038574,
          -0.6611960530281067,
          0.10208414494991302
        ],
        [
          0.0,
          0.0,
          0.0,
          1.0
        ]
      ]
    },
    {
      "file_path": "scan_keep/scan_062.jpg",
      "transform_matrix": [
        [
          0.08084313571453094,
          -0.9749370813369751,
          -0.2072729617357254,
          0.04600955545902252
        ],
        [
          -0.9059280753135681,
          0.014845965430140495,
          -0.4231712222099304,
          0.06058148667216301
        ],
        [
          0.41564249992370605,
          0.2219848781824112,
          -0.8820226788520813,
          0.03951900079846382
        ],
        [
          0.0,
          0.0,
          0.0,
          1.0
        ]
      ]
    },
    {
      "file_path": "scan_keep/scan_063.jpg",
      "transform_matrix": [
        [
          -0.20622296631336212,
          -0.9687400460243225,
          0.13789431750774384,
          0.040938325226306915
        ],
        [
          -0.966713011264801,
          0.1798924058675766,
          -0.18194693326950073,
          0.038425371050834656
        ],
        [
          0.1514531373977661,
          -0.17082586884498596,
          -0.9735915064811707,
          -0.006177731789648533
        ],
        [
          0.0,
          0.0,
          0.0,
          1.0
        ]
      ]
    },
    {
      "file_path": "scan_keep/scan_064.jpg",
      "transform_matrix": [
        [
          -0.6521647572517395,
          0.4818631708621979,
          0.5852255821228027,
          0.03145529702305794
        ],
        [
          0.7559184432029724,
          0.3551414906978607,
          0.5499653220176697,
          0.037412166595458984
        ],
        [
          0.057170141488313675,
          0.8010507822036743,
          -0.5958600640296936,
          0.00487839849665761
        ],
        [
          0.0,
          0.0,
          0.0,
          1.0
        ]
      ]
    },
    {
      "file_path": "scan_keep/scan_065.jpg",
      "transform_matrix": [
        [
          -0.31425613164901733,
          -0.8041360378265381,
          0.5045872926712036,
          0.05932701751589775
        ],
        [
          -0.9385563731193542,
          0.18328863382339478,
          -0.2924332320690155,
          0.024287857115268707
        ],
        [
          0.14267098903656006,
          -0.5654825568199158,
          -0.8123265504837036,
          -0.029565133154392242
        ],
        [
          0.0,
